        4   3   6   6   1   5   9  12   0   4   3   7  10   2   6   5  11   6   1   7
38  R   1   3   0   0   0   1   1   5   0   3   0   7   7   0   6   4  10   1   1   0
15  R  -1   0   2   0   0  -1  -1   0   0  -2   2  -7   0   1  -3  -3  -6   0  -1   7
32  R   3  -3  -2   2   1   4   3  -2   0   2  -2   5  -4   1  -2   3  -3  -1   0  -1
13  R   0   2   0   3   0   0   3   1   0   0   2   1   2   0   0   1   0   0   1  -2
18  R   0   0   4   0   0   1   0  -3   0  -2   0  -4  -3  -1  -1  -1   5   5   0  -2
27  R  -1   0   2   0  -1   0   0   0   0  -1   0  -2  -1   1   4  -2   2   1  -1   3
27  R   0   0  -2   0   1  -4   1   2   0   4  -2   5   8   0   1   0  -3  -5   0   0
39  R   0   0  -2  -2   0   0  -6   0   0  -3   1   1   0  -2   1  -2   5  -1   0   1
28  R   0  -1  -1  -1   0   4   2   3   0  -1   2   0   1   1  -5   3 -10   1   0   1
29  Q
