        4   4   3   3   2   5   9   9  12   3   7   4  10   1  11   1  11   4   4   1
30  R   4   2   0   1   0   3   3   7  11   2   1   2   5   0   4   0   7   3   3   0
38  R  -3   2   3   1   2   0  -2  -4  -7   0   0   2  -1   0   1   1   3   0   1   1
31  R  -1   0  -2  -2  -1  -1   0   6  -1   0   0  -3   0   1   0  -1  -8   0  -3   0
18  R   0  -3   0   1  -1   0  -1  -3   2   1  -1  -1  -1  -1   5   0   3   0   0   0
31  R   4   3   0   1   1  -2   4   2   0  -1   7   0   2   0  -8   0   4   0   2   0
31  R  -4  -1   2   1   1   4   1  -1   3  -1  -3   0   3   0   9   1   2  -3   0  -1
26  R   3  -2  -3  -1  -1   0  -1   2   0   0   3   4   0   0  -4  -1  -5   4   1   1
11  R  -1   0   0  -2   1  -2  -2  -4  -7  -1  -2  -2   2   0   0   1   0  -3  -3  -1
27  R   2   0   1   0   0   0  -2  -4   0   0  -4   0  -2   0  -7  -1   4  -1   2   0
11  R  -3  -1   0   1  -2  -2   1   7   1   2  -1   1   0   0   7   0  -6   0   1   0
30  Q
