        6   5  13   7   2   2   3   9  11   4   2  11   0   4  10   1   0   1   6   0
17  R   5   1  12   6   1   1   2   3   5   4   0   2   0   4   8   0   0   1   3   0
 6  R   1  -1  -5   0   1   0  -1   0   6  -2   1   0   0  -1  -6   0   0   0   1   0
38  R  -1   4   3   1  -2   0   0   0  -5  -2  -1   6   0  -2   3   0   0   0   2   0
35  R  -2   0  -3  -4   0   0   1   5   0   0   2  -6   0   0  -1   0   0   0  -3   0
17  R   1  -1   5  -3   1   0   0   1  -5   3  -1  -2   0   0   1   1   0  -1  -3   0
22  R   1   0   1   4  -1   0  -1  -3   4  -3   0   7   0   2   0  -1   0   1   5   0
31  R   1  -2 -12   2   2   1   1  -4  -2   2   0  -7   0  -1   3   1   0   0  -2   0
 6  R  -3  -1  -1  -2  -1  -2   0   0   0  -2  -1   7   0   0  -2   0   0  -1  -1   0
12  R   3   5  12   2   0   0   0  -1   8   1   2  -1   0  -1   2  -1   0   1  -2   0
36  Q
