        5   7   7   6   3   5   9  11   0   0   6   3   1   3   1   3   4   6   0   0
13  R   4   2   4   6   0   5   1  11   0   0   5   0   0   3   1   2   2   5   0   0
12  R  -3   0   2  -5   3  -5   6  -9   0   0   0   2   0  -1  -1  -2   0   1   0   0
29  R  -1  -2   1   5  -2   4  -7   0   0   0  -1  -2   1   1   1   0  -2  -5   0   0
24  R   3   3  -3  -6   0   0   3   5   0   0  -3   3  -1  -1  -1   0   2  -1   0   0
 8  R   0   0  -4   0   0  -4  -3  -1   0   0   4   0   0   1   1   3   2   4   0   0
25  R  -2   0   6   0   2   5   2  -4   0   0  -5   0   1  -3   0  -1   0  -2   0   0
30  R   2  -3   0   2  -2  -2   5   0   0   0   5   0  -1   2  -1   1  -2   4   0   0
26  R  -1   3   1   4   2  -3  -3  -1   0   0  -3   0   1   0   0  -3   0  -3   0   0
32  R   0  -3  -3  -6  -3   2  -4   5   0   0  -2  -3   0   0   1   2  -1   1   0   0
33  R   0   1  -1   6   3   0   9   1   0   0   2   1   0   1   0  -1   0   2   0   0
 5  Q
