        6   4   9   1   7   5   1   4   1   8   4   4   1   2   1   6  10   6   9   0
18  R   1   2   5   0   5   1   0   2   1   3   1   2   0   1   0   6   9   1   1   0
36  R   0   1  -3   0  -1   1   1   2  -1  -1   1  -2   1   1   1  -4  -5   0  -1   0
19  R  -1   0   4   1   0  -1  -1  -4   0  -2   1   0   0   0   0  -1   3  -1   0   0
16  R   4  -3  -2  -1   0   1   1   0   0   6   0   1   0   0  -1   0   3   2   2   0
 8  R  -2   3   0   1  -4   3  -1   1   1   0  -1   2   0   0   0   0  -3  -2  -1   0
28  R  -1  -2   5   0   7  -4   0  -1  -1   2   0   1   0  -2   0   3   2   0   3   0
34  R   1   1  -3   0  -2  -1   0   4   0  -2  -2   0   0   1   0   0   0   5   2   0
22  R   0   0   1  -1  -5   5   0  -4   1   2   2  -3   0  -1   0  -1  -9   0  -3   0
28  R  -1   2   0   0   3  -4   1   2   0  -4   0   0  -1   2   1   0   2  -3   1   0
13  R   1  -1   2   1  -1   4  -1   1   0  -2   0   0   0  -2   0   0   0   4  -1   0
32  Q
