        5   3   2   1   2   7   1  14   6   4   8   1   3   3   3   0  14   6   9   2
18  R   4   3   1   0   0   1   1  10   5   2   3   1   1   1   1   0   3   4   8   2
23  R  -3  -1   0   1   2   1  -1   2   1   1  -2  -1   1   0  -1   0  11  -2   1  -2
 8  R   1  -2   1  -1  -1   2   1  -9  -2   0   0   0  -1   0   3   0  -2   4  -4   0
32  R   3   1   0   0   0   0   0   5  -2  -2   6   1   2   0  -2   0  -2  -5   0   2
19  R  -5   2  -1   1   1  -2   0   1   1   0  -5  -1  -1   0   0   0   2   0   2  -1
11  R   3  -3   0   0  -2  -2  -1   2   1  -1  -2   1  -2   0   0   0 -11   2   0  -1
40  R  -1   3   0   0   2   0   1   2  -1   4   2   0   1   0   1   0   5  -3   2   0
25  R   0  -2   0   0  -1   4  -1   0   0  -2   0   0   2   0   1   0   0   0  -8   0
11  Q
