        9   0   9   4  10   1   9   7   1   4   0   3   5   0   8   1   6   4   3   8
38  R   3   0   6   3   7   0   9   0   1   0   0   2   3   0   7   1   3   0   3   1
19  R   4   0   2  -1   0   0  -1   4   0   4   0   0   1   0  -7  -1   2   1  -2  -1
32  R   2   0   1   2  -5   1  -8   2   0  -3   0  -2   1   0   4   0   0  -1   2   5
21  R  -7   0  -5  -2   5   0   0  -4   0   0   0   2  -2   0   4   0  -3   2  -2  -3
36  R   3   0   2   0   3  -1   5  -2   0   0   0   0   2   0   0   1   0  -1  -1   4
31  R  -2   0  -5  -1  -7   1  -4   1   0   0   0  -1  -2   0  -1  -1   0   3   3   0
25  R   3   0  -1   2   5   0   7   4  -1   2   0   0  -2   0  -3   1   2  -2  -2   0
36  R   0   0   7   0  -3  -1   0   2   0   1   0  -1   0   0  -4   0   0  -1  -1  -4
 9  Q
