        4   6   2   5   2   3   0   0   8   0   4   7   6   5   1   5  10   3   6   6
38  R   0   0   2   0   0   0   0   0   6   0   1   5   1   2   1   0   1   3   4   4
26  R   4   6   0   1   0   2   0   0   0   0   0   1   0   2  -1   0   5   0  -1  -1
24  R   0  -3  -1   4   0   0   0   0   0   0   2  -2   0   1   1   1  -2  -3  -1  -1
21  R  -4  -1   0   0   2   0   0   0  -4   0   0   0   5  -1   0  -1   2   1  -2  -2
34  R   1  -1   0   0  -2   0   0   0   0   0   1   0  -5   0   0   4  -1   0   1   6
24  R   3   2  -1  -2   2   0   0   0   3   0  -2   0   0   0   0   0   4   1   0   0
26  R  -2   1   2   0   0   0   0   0   1   0   2   3   2   0   0  -1   0   1   2   0
37  R  -2  -2   0   0  -1  -1   0   0  -3   0   0  -4   1  -1  -1  -3   1  -3  -2  -2
 8  Q
