        7   0   5   5   0   5   0   8  12   1   7   8   0   7   7   0  12   6   7   8
 7  R   3   0   5   0   0   3   0   5  10   1   1   0   0   6   1   0   9   5   0   0
22  R   1   0   0   3   0   1   0   0   2  -1   0   1   0   1   4   0   0  -2   4   8
26  R   0   0  -4   0   0   0   0  -2  -6   1   6  -1   0  -1  -4   0  -6   0  -2  -4
36  R  -3   0   0  -1   0  -3   0  -3   3  -1  -5   7   0   0   4   0   5  -1   2   0
26  R   0   0  -1   2   0   3   0   6  -6   0  -2   0   0   0   0   0  -2  -2   3   3
25  R   3   0   3  -3   0   1   0   2  -3   0   6   1   0   1  -5   0   0   4  -5   0
 6  R  -4   0   0   2   0  -4   0  -5   5   1  -4  -4   0  -6   7   0   0  -4   5  -6
 7  R   5   0   0  -2   0  -1   0  -2   0  -1   0  -2   0   6  -6   0   3   1  -2  -1
18  R   0   0   2   0   0   0   0   0   2   0   1   0   0  -6  -1   0  -5   0   0   8
23  Q
