        9   4   7   2   7   1   4   2   9   5   6   1  10   4  10   6  12   3   7   6
15  R   2   2   5   0   5   1   2   0   9   3   4   1   2   1  10   5   3   2   7   4
39  R   4   2  -4   2   1  -1   2   0   0   0   1  -1   0   2  -1  -2   0   1  -2  -4
16  R   0  -1  -1   0   1   0  -4   2  -3   2   1   0  -2  -2   0   0   1  -2   2   5
29  R  -1   0   1  -1  -5   1   1  -2   2  -2  -5   1   7   3  -7   2   5   1  -6  -4
25  R  -3   1   3   0  -2   0   2   2  -2  -3   0   0  -2   0  -2   0   0   0   2   0
25  R   6  -2  -4   0   4   0   0  -1   0   0   0  -1   5  -1   9  -1   1  -2  -2   3
29  R  -3  -1   6  -1   0  -1   0   0  -4   0   3   1  -1  -1  -6  -4  -6   3   0   1
22  R   0  -1  -1   2  -3   0  -1  -1   0   2   1  -1   1   2  -1   4  -2  -3   2   0
31  R  -3   1   0   0   0   1  -1   0   6   0  -5   1  -6  -3  -2  -4   6   3   1   1
16  Q
