        4   5  12   1   2   5   3   0   3   7   9   7   5   5   0   5   6   1   5   8
32  R   1   3   1   0   2   3   2   0   3   1   8   1   5   4   0   3   4   1   5   0
15  R   0   2   3   0   0   0  -1   0   0   4  -4  -1  -2   1   0   0   1  -1  -4   0
28  R   0  -1   1   0  -1  -2  -1   0  -1   0   0   1   0  -4   0  -3  -4   0   3   4
10  R  -1  -3   4   1   0  -1   2   0  -2  -4  -3   1   0  -1   0   4   5   1  -1  -4
14  R   3   0   3   0   0   3  -1   0   1  -1   0   5  -2   5   0   0  -6  -1  -2   0
 8  R  -3   1  -4   0   0   1  -1   0  -1   1   0  -5   0  -2   0  -4   2   1  -1   6
36  R   1  -2   0  -1  -1  -1   1   0   2   1   0   1   2   1   0   5   4   0   2  -2
40  R   0   2   0   0   2  -1   2   0  -2  -1  -1   2  -2   1   0   0  -3   0   0   3
22  Q
