        8   8  13   5   3   8   5   6   1   6   7  12   2   9   8   6   3   6   7   5
19  R   6   1   4   3   3   5   4   3   0   5   6   4   2   9   0   5   3   3   0   5
32  R   0   0   4  -1  -1   3   1  -2   0   0   1  -4  -1  -8   2   1  -3   0   2  -5
26  R   2   7   4  -2   1  -7  -5   0   0  -3  -7   6  -1   0  -1  -3   1   0  -1   5
14  R  -2  -1   0   2  -1   5   3  -1   0  -2   3  -6   1   7  -1  -1  -1   1   0  -4
19  R   0  -4   1  -2   0  -6   1   0   1   6   2  10  -1   1   8   3   1   0   0   0
13  R   0  -3  -6   4   0   5  -2   0   0  -3   0   1   0  -2  -4   0   0   0   0   0
 8  R  -2   3  -1   0  -1   0   0   1  -1   0  -1  -9   2  -7   4   0   1   2   0   4
 6  R  -1  -1   1   1   0   3   0   0   0   0   0  -1  -1   9  -3  -2   0  -2  -1  -2
34  Q
