        3   5   3   6   9   1   3   8   0   2   6  11   1   9   4   5  11   6   7   7
29  R   2   3   3   5   2   1   3   2   0   0   5  10   0   2   1   1  11   1   5   3
18  R   0   0  -1   0  -1  -1  -2   0   0   0  -5  -2   0   4   1   0  -1   0  -3  -1
33  R  -1   0  -1   1   0   0   2   4   0   2   6   1   0   1   1   1   1  -1   2  -2
10  R  -1  -3   0  -5   5   1  -3  -6   0  -1  -6   2   0   2  -2   2  -3   4   1   5
39  R   3   4   0   0  -1   0   3   7   0   1   5  -4   0  -8   1  -3   1   0  -2  -1
11  R  -3  -2   0   0   1   0  -2  -5   0   0   1   1   1   6  -1   2   1   0  -2   2
17  R   3   1  -1   4   2  -1  -1   4   0  -1  -6   2   0  -5   0  -1  -5  -3   5  -6
28  R  -1   2   2   1  -6   0   0   2   0  -1   5   0   0   7   3   0   3  -1  -1   2
28  R   0  -5   1   0   0   1   2  -7   0   1   0  -9  -1  -1  -4   0   0   5  -1  -1
17  Q
