        5   5   3   3   8   7   2   1  10   4   3   6   8   4   9   3  13   4   7   8
31  R   5   2   1   3   1   2   0   1   8   1   3   2   2   1   3   0  12   4   6   5
13  R  -1  -2   0  -1   3   1   1   0  -2   3  -1   0  -1   2   5   2   0   0   0   0
38  R   0   5   0   0   0  -1  -1   0  -2  -4  -1  -2   1   1   0  -2   0  -3   0   1
10  R   0  -5   2   1   1   0   1  -1  -2   3   2   0   2   0  -5   2 -11  -1   1   0
12  R   0   0  -1   0  -5  -2   0   0  -2   0  -3   6   1  -3   6   1   1   1  -7  -5
28  R   0   2   1  -2   1   5   1   1   3   0   1  -4   2   2  -9  -3  -1  -1   4   5
33  R   0   0  -3   1  -1   0  -2  -1   6   0  -1   0   0   0   8   1   0   2  -3   0
35  R   0   0   1  -1   5  -1   1   1   0   0   0   0   1   0   1   2  -1   0   0   0
18  Q
