        1   0   9   2   3   0   9   5  12   3   2   3   3   3   7   1   1   1   0   0
31  R   1   0   5   1   0   0   1   1   0   3   2   3   2   1   7   0   0   1   0   0
34  R  -1   0  -4   1   0   0   0   0   9  -2   0   0   0   0  -3   1   1   0   0   0
 5  R   1   0   8  -2   1   0   0   2  -8   1  -2  -3   1   2   1  -1   0   0   0   0
39  R  -1   0  -4   1   1   0   8  -1  -1   0   2   0  -3  -1   0   0  -1  -1   0   0
32  R   1   0   3   1   1   0  -6   3  11  -1   0   1   2  -1  -1   0   1   1   0   0
29  R  -1   0   0   0   0   0   1  -5   1   1   0   0  -1   0   2   1   0   0   0   0
11  R   1   0   1  -1  -3   0   0   4  -5  -2   0   1  -1   0   0   0   0   0   0   0
40  R   0   0  -5   1   1   0  -4   0   4   2  -2   1   0   0   0  -1   0   0   0   0
23  R  -1   0   5  -2   2   0   6   0  -6  -2   1   0   1  -1  -3   0  -1  -1   0   0
14  Q
