        3   1  11   2   7   6   9  12  11   8   2   5   7   7   8   4   9   0   8   6
 5  R   2   0   9   2   1   4   1   8   2   0   0   4   5   7   6   3   3   0   4   5
39  R  -2   1  -1  -1  -1   2   2   3   0   7   1  -2   2  -5   1   0   3   0   4   0
31  R   0   0   0  -1   5  -4   2   1  -2   1   0  -2  -6  -1   0   1  -2   0  -7   0
14  R   1   0   2   2  -1   0   1  -9  11  -4  -1   4  -1   0   1  -3   1   0   0  -3
16  R   0   0  -5  -1  -2   0  -5   0 -11   3   0   1   2   0  -4   2  -4   0   1   4
32  R   0  -1   0  -1  -1   0   3   0   0  -1   1   0   3   2   3  -1   1   0   6  -1
34  R   1   0   2   1   1   0   5   0   9  -6   1  -4  -3   2  -5   0  -2   0  -4   0
21  R  -2   0   2   1   0   0  -2   8   0   0   0   0   0  -1   0  -1   6   0  -2   0
23  R   3   1   0  -2   1  -2   0   0   0   1  -1   0   0   3  -2   1   2   0   2   1
35  R  -3   0   0   1   0   2   2   1   2   2   0   0   0  -1   2   1   0   0  -3  -4
29  Q
