       10   5   4   1   5   5   2   1   7   2   2   3   8   4   6   0   3   6   3   4
13  R   6   2   1   1   5   1   0   0   4   2   1   0   3   1   2   0   0   1   2   4
17  R  -4  -1   2  -1   0   0   2   0   0   0   1   0  -3   0   2   0   0   2   0   0
30  R   7   2   1   1  -1   0  -2   1   1  -2  -2   1   2  -1  -2   0   3   1   0  -1
 9  R   0  -3  -2  -1  -1  -1   1   0  -2   0   2   0   2   3   2   0  -2   1  -1  -2
20  R  -6   0   2   0   0   3   0  -1  -1   2  -2   0   0  -2   0   0   0   1   2   1
40  R   1   0   0   0   2  -1   0   1   1  -1   2   0   2   1  -1   0   2  -6   0   1
20  R  -3   2  -2   0  -2   3   1   0  -2   0  -1   1  -2  -1   3   0   0   0  -3   1
24  R   0   0   0   1  -2  -2  -1  -1   5   0   0  -1   4   0  -5   0   0   5   2   0
20  R   0  -2   0   0   0  -3   1   0  -1   1   0  -1  -3   0   0   0  -2  -4   0  -3
16  R  -1   5  -2  -1   3   5  -2   1  -3  -1  -1   0   1   0   3   0  -1   0  -2   1
26  Q
