        4   2  10   4   7   7   9   1   6   1   1   1   4   0   5   0   5   3   5   4
30  R   3   1   7   1   7   3   4   0   4   1   1   1   4   0   3   0   3   2   0   4
14  R   1   0   3   0  -4   4   5   0   0   0   0  -1   0   0   1   0  -1  -1   1  -2
24  R  -4  -1  -9   0  -2   0   0   1   2  -1  -1   1  -1   0  -3   0   0  -1   3   1
32  R   2   2   4   0  -1   0  -3  -1  -2   0   0  -1  -1   0   2   0  -2   1  -2   0
13  R   1   0   2   2   3  -1   3   0  -2   1   0   0   1   0   0   0   1   0   2   0
11  R  -1   0   2  -3   2  -1  -6   0   2   0   1   0   0   0  -2   0   1   1   1   1
39  R  -2   0  -2   4  -5  -2   3   1  -3  -1  -1   1   1   0   2   0  -1   1  -4  -1
22  R   2   0  -7   0   3   1   3  -1   2   1   0  -1  -3   0   0   0   2  -3   4  -2
20  R   0   0   6  -3   2   0  -3   1   2   0   1   1   0   0   0   0   0   3  -5   2
33  R   0  -1  -3   0   2   1  -1   0   0  -1   0   0   0   0   0   0   1  -2   3  -2
24  Q
