        9   1  11   7   7   3   1   4   3   6   6   0   5   2   6   4  12   3   8   3
37  R   5   0   8   0   0   1   0   3   1   2   0   0   5   0   5   2   3   2   8   1
16  R  -3   1  -3   0   5   0   1  -2   0  -1   6   0  -2   1   0   0  -3   0   0  -1
31  R   1   0  -3   3   2   1  -1   0   2   2  -6   0   0   1  -1  -1   0   0  -1   2
16  R   4  -1   0  -3  -1   0   1  -1  -2   1   4   0  -2   0  -4   3   0  -1   0   0
36  R  -2   0  -1   1   0  -1  -1   3   1   0   1   0   1   0   6   0   4   1  -6   1
10  R   0   1   5   0   1   0   0  -1  -2   0  -4   0   0  -1  -2  -2   1   0  -1  -2
 6  R   1   0  -1   2   0   1   1   0   1  -1   0   0   3   0   1  -2  -4   1   8   0
22  R   1  -1   4  -1   0   0   0  -2   0   2   2   0  -5   0   0   3  11   0  -6   0
27  R  -7   1  -6   0  -6   0   0   0   0   1  -2   0   0   0   0   0  -3  -2   4   2
18  Q
