       10   4  10   1   6   5   7  13  12   4   9   2   5   5   8   3   7   2   4   0
27  R   7   0   2   0   3   5   7   5  10   0   5   1   1   2   1   3   1   0   0   0
28  R   1   1   6   0   0  -3  -6   2  -8   2   0   1   4   0   0  -3   2   0   1   0
10  R  -4   0   1   0  -3   1   4  -6   3  -1   1   0  -3   0  -1   1  -3   2   0   0
37  R   4  -1   1   0   6  -1  -3   0   2  -1   0  -2  -1   2   8   0   1  -2   0   0
32  R   0   3 -10   1  -2   1  -2  -1  -6   3   2   0   1   1   0   0   0   2   0   0
20  R   1   0   1  -1   1   0   5   9   7  -3   0   0   1  -4  -1   0   5   0   1   0
 5  R  -4  -3   7   1  -5   1  -2   4  -7   4   1   1  -2   0   0   0   0   0   2   0
21  R   1   4  -5  -1   2  -2   0  -6  11  -2  -6   1   2  -1  -4   0   1   0  -1   0
19  R   4  -2   2   1   0   0   2   0  -8   0   6  -1   0   2   1   2  -1  -1  -3   0
18  R  -2   1   5  -1   0  -1   1  -7   2   2  -7   0  -2   3  -4  -1   1  -1   1   0
34  Q
