        8   6   2   6   1   5   1  12   8   4   1   4   9   4   2   0  14   2   3   0
19  R   4   6   0   1   1   2   0  12   5   0   1   1   5   3   1   0  14   2   1   0
36  R  -4  -2   2   1   0  -2   1  -9  -4   0   0   2  -4  -3   1   0  -6  -1   2   0
 5  R   4   1  -2   0   0   0  -1  -3  -1   4   0   0  -1   4  -1   0  -5   0  -2   0
24  R   3   0   2  -1  -1   5   1  10   3  -1  -1   0   7  -3  -1   0   8   0   0   0
 5  R   1   1  -1   3   1  -4   0  -3   1   0   0  -3   0   0   1   0   2   1   0   0
23  R  -4  -2   1   1  -1   1  -1   1  -1   0   1   1   2   2   0   0  -7  -2   2   0
30  R  -3  -2  -1   1   1   0   0   2  -1  -3  -1   0  -5   0   1   0   0   0  -1   0
35  R  -1  -1   1  -5   0   0   1  -2  -2   3   1   1  -4   0   0   0   8   2  -1   0
39  Q
