        5   8   5   4   9   4   9  10   4   0   5   8  10   1   5   0  10   0   4   4
29  R   2   3   4   2   0   0   9   1   3   0   5   6  10   1   2   0  10   0   0   2
40  R  -2  -3  -1   1   7   3  -3   5   1   0  -4   1  -5   0  -1   0  -3   0   1  -2
13  R   1   7   2   1   1  -2   1   1  -3   0   0  -5   2  -1   3   0  -4   0   0   0
27  R   0   0  -5  -4   1   0   1   1   1   0   0  -1  -4   1  -3   0   4   0   3   2
30  R   1  -6   2   4  -3   1  -4  -1   0   0   0   0   2   0   1   0   2   0  -3   0
14  R  -1   1  -1   0  -5   1   3   1   0   0   1   6  -5   0   0   0   0   0  -1  -1
10  R   0   6   0   0   0   0   0   2   1   0  -2   0  10  -1   1   0  -3   0   2   3
30  R   3  -7   3  -1   5   1  -4 -10   0   0   1   0 -10   1   2   0   3   0   1  -4
18  Q
