        1   1   8   0   4   3   6   3   4   3   4  10   2   8   1   5   4   0   0   0
 7  R   1   1   7   0   4   3   3   0   3   1   0   1   0   5   1   4   1   0   0   0
28  R   0   0   0   0  -3  -1   0   3   1   2   2   0   1   3   0   1   0   0   0   0
15  R  -1   0   0   0   0  -2  -2  -1  -3  -3   0   0   0  -3   0  -2  -1   0   0   0
20  R   1   0  -6   0   0   0   0  -2  -1   1   1   0   0  -1   0  -1   1   0   0   0
24  R  -1   0  -1   0  -1   2   5   0   3   0   1   1   1   2   0  -1   1   0   0   0
28  R   1  -1   5   0   4  -2  -6   3   1  -1  -4   0   0  -1  -1   0   2   0   0   0
 8  R   0   0   1   0  -2   0   5   0   0   0   1   1   0  -2   1  -1   0   0   0   0
26  R   0   0   1   0  -2   0   1  -1  -2   3   0   4   0  -3   0   1   0   0   0   0
18  Q
