        9   2   2   7   1   1   6   9   8   7   4   5   1   3  11   6   6   5   3   7
12  R   5   0   1   5   0   0   4   5   3   1   4   2   1   2  11   4   6   3   0   1
 6  R   1   1  -1   1   1   0   0  -2   2   0   0   3   0  -2  -2   2  -4  -2   3  -1
20  R   0   0   2   1   0   1   2   1  -1   0  -2  -4   0   3  -7  -3  -1   0  -3   7
27  R   0  -1  -1   0   0  -1  -3   1  -2  -1  -2   0   0  -1  -1   2   0   0   1  -3
 7  R  -4   0   0  -7  -1   1  -1   0   3   0   1   3  -1   1   0   0  -1   0  -1  -3
23  R   0   0   0   2   1   0   4   4   3   0   0   0   0   0   0   1   0   0   3   0
24  R   0   0   1  -1   0   0  -5  -1  -1   7   3   0   1  -3   1  -3   3   4  -2   3
10  R   3   2  -2  -1  -1  -1  -1   0  -1  -6   0  -4   0   0   9  -3  -1  -5   0   1
18  Q
