        0   4  12   4   7   2   5   9   3   8   0   7   8   1   2   5  13   3   3   3
17  R   0   2   7   0   1   2   5   6   3   0   0   7   4   0   2   0   4   3   0   3
 6  R   0  -1   4   4  -1  -1  -4  -6  -3   0   0  -4   3   1  -1   4   3   0   0  -3
17  R   0  -1  -7  -4   5  -1   0   0   3   1   0   4  -5   0   1  -3   0  -2   2   3
27  R   0   0  -3   1   1   1   2   3  -2   4   0   0   0  -1  -1   0   3   0   0   0
31  R   0   3   0   2   0  -1   0   1   0   2   0  -6   1   1  -1   1   0   2   0   0
 7  R   0   0  -1   1  -1   2   0  -4   2  -7   0   0  -3  -1   0   1  -2  -2  -1  -1
35  R   0  -1   6  -2   2  -2   2   3  -1   7   0  -1   7   0   2   2   0   2  -1  -2
37  R   0  -2  -6   0  -1   2  -3  -1   0  -2   0   6  -6   0  -2  -2  -8  -1   0   0
40  R   0   3   2   0  -4   0   1  -2  -1  -2   0   0  -1   1   0   0  12   0   1   0
37  R   0   0  -1   0  -1  -1  -2   1   1   3   0  -5   5   0   1   1   1  -2   2   1
40  Q
