        6   0   0   7   5   4   9  13   6   2   1   7   2   6   8   6   5   3   9   7
13  R   5   0   0   4   3   3   7   7   2   0   1   6   1   1   2   5   1   0   0   0
28  R   1   0   0   2   1  -1  -5  -3  -1   1  -1   1   0   2   0   0   0   2   5   0
34  R  -2   0   0   1  -3   0   6   1   0   0   1  -5   1   3   1  -4   0  -1  -5   4
38  R  -4   0   0  -5   0  -2  -2   6   0  -1  -1   5  -1  -4   0   1   3   0   0  -2
 5  R   1   0   0   2   0   0   2   0  -1   0   0   0  -1   2   0  -2  -1   0   1  -2
20  R  -1   0   0   1   4   3   0   2   4   0   1  -7   2  -2  -1   6  -1   1   0   4
 8  R   5   0   0  -2   0   1   0  -9  -1   2  -1   1  -2  -1   2  -4  -1  -1   3  -2
 9  R  -4   0   0  -3  -1  -4  -2   8  -3  -2   0  -1   1   0   4   2   4  -1  -1   4
19  R   3   0   0   5  -4   2  -6   1   6   0   1   4  -1   4  -4  -3   0   1   1   0
26  Q
