        7   7   6   7   5   4   1  14  11   2   2   5   1   9   4   2   2   3   8   2
18  R   1   0   5   7   0   0   1  10   8   2   0   3   0   2   1   2   0   1   6   0
16  R   3   7   1  -3   5   0   0   1  -3   0   1   1   1   6   0  -1   1   1   2   2
34  R   0  -7  -6   3  -3   0  -1   2  -4   0  -1  -4   0   0   1   0   1   0  -4   0
39  R  -1   6   4  -4   2   3   0  -7   0  -1   1   2   0  -1   2   0   0   0  -2  -2
21  R   3   1   2  -3   0  -1   1  -6   0   0   0   2   0  -6  -4  -1   0  -2   5   2
23  R   0  -1  -5   5   0  -2  -1   7  -1   0   1  -3  -1   2   3   0  -2   2   0   0
40  R  -2  -6  -1   1  -3   4   1   5   8   0   0   0   1   1   1   0   1   0   0  -2
11  R  -4   4   1  -1   2  -2   0  -8   2   0   0   3  -1   2  -1   0  -1  -1   1   2
30  R   2   2   0  -2   1   0  -1   0  -7  -1  -1  -2   1   2  -1   1   0   0  -8   0
20  Q
