        7   1   5   6   2   1   7   1   4   2   3  12   0   7   0   3   7   4   5   1
22  R   5   0   0   1   2   0   2   0   1   1   0   5   0   2   0   3   1   1   4   1
33  R   0   1   0   0   0   0   1   1   1  -1   0   0   0   4   0  -1   0   0   0  -1
35  R   1  -1   5  -1   0   0  -1  -1  -2   0   3   5   0  -5   0   0   4  -1   1   1
22  R   0   1  -3   6  -2   1   0   1   0   2  -2  -4   0   2   0   0   0   3  -2  -1
25  R   0  -1   0  -3   2  -1   0   0   3   0   1  -3   0   0   0  -1   0   1   1   0
17  R  -4   1   0   2  -2   0  -1  -1   1  -2   0  -3   0   2   0   0   2  -2  -1   0
 7  R  -2  -1   0   1   1   1   0   0  -2   1   0   4   0   0   0   1  -7   0   2   0
 8  R   0   0   0  -5   0  -1  -1   1  -1   0  -2  -1   0   0   0   0   6   1   0   1
25  R   0   1   0   2   0   0   4  -1   3  -1   3   9   0   1   0   1  -2  -1  -5  -1
30  R   5   0   0   0   1   0   0   1  -3   2   0  -3   0   1   0  -1   3  -1   0   0
 8  Q
