        2   6   6   1   4   2   1   7   5   6   1   2   3   1   5   4  13   4   0   5
11  R   1   1   6   1   2   0   0   1   5   4   0   0   3   1   2   2  12   0   0   0
32  R   1   0  -3   0   1   2   1   0  -1  -4   0   1  -2   0   0   0   0   0   0   2
36  R   0   0   0   0   0  -1   0   0   0   3   1   1   2  -1   1   0  -8   2   0   1
20  R  -1   5  -2  -1   0   0  -1   0  -3   2  -1  -2  -1   0   2   0  -4   1   0  -1
14  R   0  -6  -1   1  -1   0   0   0   1   0   0   0   0   1  -3   0   6   0   0  -2
27  R   0   1   4  -1  -1  -1   1   2   0   0   0   0  -2   0   2   2   6   0   0   1
37  R   0  -1  -3   1   2   2   0  -2  -1   0   1   1   0   0  -1  -4   0  -1   0   0
32  R   0   2  -1   0  -3  -1   0   1   2  -3  -1  -1   3   0   0   2   1   2   0   2
 8  Q
