       10   4  11   5   7   0   0   1   7   4   7   3   8   0   6   0  10   3   0   7
12  R   2   0  11   4   3   0   0   0   7   4   6   3   0   0   4   0   8   3   0   5
17  R   7   4  -2   0   0   0   0   0  -4   0  -2  -1   4   0  -2   0   0  -2   0   1
24  R   0  -2  -2  -3  -2   0   0   0  -2  -3  -1   1   0   0  -2   0   2   0   0   1
40  R   0   1  -1   0   4   0   0   1   3  -1  -1  -2   3   0   0   0  -2   0   0  -6
37  R  -6  -1   1   0   0   0   0  -1   0   1   0   0   1   0   0   0  -3   1   0   5
23  R   0   0   2  -1   0   0   0   0   0   3  -2  -1  -3   0   0   0  -5   0   0   1
14  R  -2  -1  -9   1   1   0   0   1   2   0   5   1   0   0   1   0  10  -2   0  -4
24  R   5  -1   8   0  -3   0   0   0   0  -2  -5   1  -1   0  -1   0  -2   1   0   1
33  R  -3   0   2   2   1   0   0   0  -1   2   5   0   3   0   0   0  -7  -1   0   1
 8  R  -2   1  -1   0   3   0   0   0   2   0   0  -1  -4   0   2   0   0   1   0  -5
30  Q
