        2   3   9   0   1   0   7   8   9   2   7   8   5   5   6   4   8   4   1   5
35  R   0   3   6   0   0   0   2   0   9   1   0   8   2   4   0   0   7   4   0   4
39  R   0   0  -6   0   1   0   2   7  -1   1   0  -4   2  -2   0   4   0  -4   1   1
13  R   2  -3   4   0  -1   0  -3  -3   0  -2   2  -4  -3  -1   5  -4  -5   0  -1  -3
23  R  -1   1  -4   0   1   0  -1  -3   1   2  -2   0   0   0   0   3   3   1   0  -2
36  R   0   1   0   0  -1   0   6   4  -7  -1   6   1  -1   1   1   0  -2   1   1   5
15  R  -1  -1   0   0   0   0   0  -5   5  -1  -4  -1   0   0  -4  -3   1  -1   0   0
15  R   1   2   5   0   1   0   1   1   2   2  -2   2   4   0  -1   3  -3   0  -1  -4
 9  R   0   0   0   0   0   0  -5  -1  -1   0   2  -2   1   3   0   0  -1   0   0   0
39  R   1  -1   1   0  -1   0   0   7  -5  -1   1   6  -3  -4  -1   0   0   0   0   3
25  Q
