        2   7  11   3   4   7   5  14   2   1   0   6   9   5   2   6   0   3   5   1
14  R   2   3   1   1   1   2   5   9   2   1   0   4   2   2   0   2   0   1   2   0
10  R   0  -1  -1  -1   0  -1  -3  -9  -1   0   0  -2  -2  -2   1   2   0   2  -2   1
13  R   0  -2   5   1   0   5   3  11   1  -1   0   0   8   1   0   1   0   0   1  -1
35  R  -1   4   0  -1   2   1  -1   0  -2   0   0   4   1   0  -1   0   0  -3   3   0
17  R   0  -2   1   2   1  -3  -2   0   2   1   0  -1  -8   3   2  -2   0   2  -1   0
37  R   1   0   1   1  -3   0  -1  -3  -1  -1   0  -3   1  -3  -1  -2   0   0   2   0
38  R  -2   3   1  -3   2  -2  -1   1   1   1   0  -1  -1   3   0   4   0   0   0   0
36  R   2  -4  -5   0  -3   1   3  -4  -1  -1   0   5   7  -3   0   0   0   0  -2   0
32  R  -1  -1   7   3   0  -2  -1  -4   0   1   0  -4   0   0  -1  -1   0   0  -1   0
18  Q
