       10   3   5   6   5   3   1   3   5   8   6  10   9   4   2   3   8   0   9   6
12  R   5   1   0   6   5   1   0   2   4   7   1   4   7   2   1   2   1   0   5   2
24  R   1   1   3  -2  -2   0   0   1  -1   1   1   6   1   2   1   0  -1   0   2   0
38  R  -6   0   1  -1   0   1   0   0  -2  -6   0  -9  -7  -2   0   0   0   0  -5   0
36  R   0   0  -3  -2  -1   0   1  -3  -1   0  -1  -1   0   0   0   0   2   0   2   1
25  R   4   0  -1   4  -2   1   0   1   5   5   0   2   1   1  -1   1   1   0   1  -3
25  R  -1   0   4  -3   0   0   0   1   0  -4   3   6  -1   1   0  -1   0   0   2   0
40  R   2  -1   0   0   1  -2   0   0  -3   3  -3  -6   6  -3   0  -2   2   0   0   2
36  R   5   0   0  -1  -1  -1   0   0   0   0   0   0  -7  -1  -1   1   3   0  -1   2
38  R  -4   1  -4   1   4   1  -1   0   2   0  -1   2   1   2   1   1  -2   0  -1  -2
28  R   4  -2   5   1   0   0   1  -2  -4   1   6  -2  -1   1   1  -1   2   0  -1   0
21  Q
