        5   6   4   7   5   4   8  11  11   4   3   3   6   8   2   6   2   3   8   5
39  R   0   5   2   2   1   1   7   3   2   2   2   1   5   1   0   6   1   3   5   0
39  R   1   1   0   2  -1   2  -5   0   0   2  -2   0   0   4   0  -3   0   0  -1   1
17  R   1  -3   0  -1   0   0   0   3  -1   0   0  -1   0   0   1   0   1  -1   3   1
17  R  -2   2   1   0   2  -1   0   2   0  -1   2   0   0  -3   0  -2  -2   0  -4   0
30  R   0   0  -3   3  -1   0   3   1  -1  -1   0   3  -5   0   0   0   2   1  -3   0
 9  R   3  -3   0   1   1   2   0   1   3   0   0  -2   2   6   0   4   0   0   2   2
27  R   0  -2   0  -7   0  -4  -5   1   4  -1   0  -1   1  -5   0   1   0  -3   0  -3
20  R  -1   4   4   1  -2   4   7  -7   4  -1  -2   2  -3   5   1  -3  -1   0   5  -1
25  R   0  -2   0   0   5  -2  -2   4  -5   3   3  -2   2   0  -2   0  -1   1   0   3
27  Q
