        6   1  12   6   7   8   4  13  12   8   4   8   8   7   5   4   6   6   1   1
40  R   5   0   5   3   4   0   3   5  12   7   2   7   0   1   5   2   3   2   0   0
11  R   0   1  -1  -3   3   5  -1  -1  -6  -6   2  -6   0  -1   0   2  -2   0   1   1
11  R   0   0  -3   3  -7   1   1  -2   5   0  -1   6   8   5  -2  -1   2   0  -1   0
30  R  -1   0   0   0   2  -5   1  10 -10   0   1  -2  -5   2   0   0   0  -2   0   0
16  R   1  -1   0  -3   2   3  -1   0   0  -1  -2   0   0   0   0   0   0   5   1  -1
 9  R   1   0   0   3  -3  -3   0   1   1   3   0  -3   2  -3  -2   1   0  -5  -1   0
11  R  -5   1   0   1  -1   7  -2 -12   6   0   0   1   3  -2   4  -1   1   3   1   0
12  R   4   0   9   1   0  -3   1   5  -3  -1   2  -3  -2   0  -2   1   2   2  -1   1
40  Q
