        1   4  13   3   3   2   5   8   1   3   5   0   1   2   9   1   1   0   5   2
13  R   1   3  10   1   0   0   3   5   1   2   5   0   1   1   8   1   0   0   2   2
36  R  -1   1 -10   1   1   2  -2  -4   0  -1  -5   0  -1   1  -3   0   0   0  -1  -1
20  R   0  -1  12   1   0  -1   0   0   0   2   4   0   1  -1  -2  -1   0   0   3   1
19  R   1  -2  -3   0   1   0   1   4   0   0  -3   0   0   0   0   0   1   0   0  -1
36  R  -1   1   3  -1   0  -1   2   3  -1  -1  -1   0   0  -1   0   1   0   0  -2  -1
29  R   0   2  -2   0  -2   0   1  -4   0  -1   5   0  -1   2  -2  -1   0   0   2   1
32  R   0   0   3  -1   1   2  -4  -3   0   0  -2   0   0  -1  -1   1   0   0   1  -1
 9  R   0  -3 -10   0   0   0   4   0   1   2   0   0   1   0   1   0  -1   0  -2   2
18  R   0   1   0   0  -1  -1  -2  -1  -1   0   0   0   0  -1   3  -1   1   0   0   0
35  R   1   2   7   0   0  -1   0   8   0  -2  -1   0  -1   1  -3   1  -1   0   0   0
37  Q
