        8   3  11   1   5   2   6   6  11   8   3   5   1   3   4   4   7   0   7   2
16  R   1   0  11   0   3   0   4   6   0   3   1   1   0   3   2   0   1   0   3   0
11  R  -1   1  -1   1  -1   2  -2  -6   3   0  -1   0   1  -1   0   2   0   0  -3   1
31  R   6  -1   1  -1   0  -2   0   1   4   3   1   1  -1  -2   1   2   4   0   6   1
29  R   0   3 -10   1   0   1   2  -1   3   0   0  -2   1   1  -3  -3   1   0   0  -2
39  R  -6   0   4   0   2  -1  -1   2   0   2   1   2   0   1   2   3  -5   0   0   0
21  R   8  -2   5  -1  -2   2   0   0   1  -3  -2  -1   0  -1   0  -4   5   0   1   1
28  R  -1   2   1   0  -1   0   2   1  -8   3   2   0  -1   1  -2   3   0   0  -6   0
 9  R  -7  -2  -7   1   0  -2   0   2  -3  -4   1   2   0   0   2  -3   0   0   1  -1
 9  R   3   1   3  -1   0   1   0   0   5   0  -3   2   0   0   0   2   1   0  -2   1
37  R  -3   1   0   1   0  -1  -5  -4   5  -4   3  -5   0   0   0   2  -6   0   6   0
 7  Q
