        7   1   8   3   3   8   8  10   2   4   6   3   8   4   2   4   8   2   3   6
20  R   5   0   8   2   3   5   4   8   1   3   3   0   3   2   1   4   6   1   2   0
 9  R   1   1  -1   1  -1  -4  -1  -2   1   1   0   1  -1   2   0  -3   1   0   0   3
11  R  -2  -1   0  -3  -2   7   0   2  -1  -2  -1   0   3   0   0   0   0   1   0   3
 7  R  -2   1   0   0   3  -2   0   2   0   2   0   2  -3  -3  -1   1   0  -1   0   0
23  R   0  -1   1   1  -3  -4   5  -4   1  -2  -2   0  -1  -1   0   1  -1   0   0  -1
31  R   2   1  -1   1   3  -1  -2   0  -1  -1   3   0   0   2   1  -1  -5   0   0   0
17  R   3   0  -4   1  -3  -1  -1   1   0   0   1   0   3  -1   0   0  -1  -1   0   1
36  R  -6  -1  -3  -1   0   6   2  -7   1   0   2  -2   1   0   0  -2   2   1   0  -6
12  Q
