        4   6   1   0   4   8   1   8   9   7   4   6   3   4   8   4   6   5   7   7
35  R   3   5   1   0   1   6   0   2   9   5   0   2   0   4   7   3   1   4   6   5
39  R  -1  -2  -1   0   2  -4   1   3  -5  -4   2   4   0   0   1  -3  -1   0   1  -2
21  R  -2   3   0   0  -1   6  -1   3  -4  -1  -2  -5   2  -2  -5   4   5  -4  -6  -3
11  R   1  -2   1   0  -1  -2   0  -1   9   3   1  -1   1  -1  -2  -2   0   2   0   1
37  R   0  -2   0   0   3   1   1  -3   0  -3   3   5   0  -1  -1   0  -4   3   0   6
 6  R   2  -2  -1   0  -3   0  -1   1  -3   1  -2   1  -1   1   8  -1   0  -2  -1   0
38  R   1   4   1   0   2   0   1   2   3   1   2  -4   1  -1  -3   1  -1   0   6   0
34  R   0   2   0   0   0   1   0  -6  -1  -1  -3   0  -1   0  -1  -2   4   2   0  -2
33  Q
