        7   1   4   1   6   7   3   7   1   5   6   3   6   9   4   1  14   1   8   3
14  R   6   0   1   0   5   7   2   3   0   2   4   3   6   4   0   1  12   1   5   1
 8  R  -3   0   0   0   0  -6  -1  -1   1  -2   2   0   0  -2   0   0  -5  -1   3  -1
 6  R   4   0  -1   0  -3  -1   0   0   0   1   0  -1  -3   0   1   0   2   1  -8   1
18  R  -2   1   4   1   2   5   2  -1   0   0  -6   0  -1   3   2   0   4   0   3   2
12  R   2   0  -1   0   1   2   0   1   0   2   0   0   0   3  -1   0  -2   0   0   0
37  R  -1   0  -1   0  -4  -3  -2   0   0   0   0   0  -2  -1   0   0   3  -1  -3  -1
31  R  -4   0   2   0   0   0   2   3  -1   2   2  -2   1   0   0  -1  -6   0   1   0
40  R   4   0  -3  -1  -1   0  -2   0   0  -1   3   1   2  -4   0   0  -4   0   3  -1
28  R  -5   0   1   1   5   2   0  -5   0  -4   0  -1   3   6  -1   1  -1   1   1   1
 8  Q
