100
    1        0   13  154    3  184   15  128    5  200    8  131   15  100    4  156   10  192    2  104    4  -1
    2      214   11  141    6  125   10  114    6  157   11   85   12  175    4  141   10  158    8  -1
    3      502   14  155   11   76    3   51    4  197   13  110    3  130    8  -1
    4      522    8   57   14  113    5   95   10  -1
    5      536    7  125    9  100   10   76    7  -1
    6      549    1  183   11  123    3   56   13  -1
    7      642    2   52    1  103    7   99   10  150    4  133   13  168   10  -1
    8      867   13   68   11  121   12  162    3  -1
    9     1351    4   84   12   85    2   95   12   95    2  -1
   10     1459    7   95    3  135   12  184    1  -1
   11     1793   11  200    9   62   12  117   13  193    4  -1
   12     1943  281  108  222   99  227  176  173   93  143  -1
   13     2183    1  149    6  105   13   84   15   70   13   65    8  190   12  148   13  137   15  -1
   14     2635    8  149    1   63   14  189    7  -1
   15     2644    6   60   14  111   13  112    7  113   11  175    4  161    5   57    7  144    6  184   11  -1
   16     2886  147  113  232   83  276  123  249  -1
   17     3286   12   50    9   51    7  106    5  193    3  191    4  196   14   59    2  -1
   18     3478    7  116   11  113    9  112    9   73    6  114    7   94    7   88   15  131    8  -1
   19     3858   14   67    7   98    7  139   10  152    2  101   15  182    8  -1
   20     4215   11  189    7  121    8  110   11   68    8   57   10  -1
   21     4240   10  106    4   77    6  162    6   60   15  192   12   97    6  -1
   22     4295  112   62  248  117  195  101  235   95  130  120  274  -1
   23     4695   11  188    9  100   11   68   15  177   14  120    7  133   11  136    6   88    9  -1
   24     5142   10  179    8  152   12  117   14  124    9  -1
   25     5445    3  200    1  121   12  138   14   89   12   60   12  -1
   26     5589    7   94    2  107    4  159    8  190    3  108   11  -1
   27     5894    1  115    6  111    7  142    8  127    4   75   13   86    9  137   13  180    2   67   11  -1
   28     6041   13  159   13   54    5  106    9  198   11  132   10  104    1  -1
   29     6491  265   74  235   65  222  -1
   30     6849   15  160    1   79   13   52    9   95    3   89    6  -1
   31     7318   14  182    3   78    8   97   15   77    7  103   13   57   13  -1
   32     7398   11   88   14  149    2  123   11  155   14  107   14   63   11  136    2  199    9  -1
   33     7737    2   78   13  155   10   72   13  195   15  195    8  199    4  184    7  -1
   34     7940   13   71   12   91   14  181    5   73    8   89    3   51    6   60   11  -1
   35     7980   12  124    3  160   15  156   12  147    1  102    6  195    5  142    9   94   12   98    7  -1
   36     8456    6  189   12  180    3   73   13  162    5  -1
   37     8641    4  150   13  181    4  166    6  138    9  -1
   38     9092    3   59    5   88   13  137    2  -1
   39     9285    6  121   11   71    6   77    4  -1
   40     9470  280  174  129  111  261  172  298   94  186   75  193  -1
   41     9623    5  196    9   80   11   86    4   85    3  158   10  188    9  192   12  -1
   42     9903    9   93    8  189   13  171    5  157    4   93    4   75    7  -1
   43    10069   10  170    8  197   10   71    4  106    1  139    8  106    3  197   11  120   11  -1
   44    10244    6  139   11  107   15  124    8   97   14  149   13  124    1  -1
   45    10259   13   74    7   67    4   68   14  178   15   92    1  103    2  154    3  -1
   46    10464   15   69    8   84    6   71   12  190   14   95   13  -1
   47    10544    3  134    8  196    4  128   13  -1
   48    10799  152  154  198  170  136   61  225  156  101  165  223  142  206  -1
   49    11237   10  111    7  174    7  175   14  106   14   58   10  140    4  153   11  188    4  127    8  -1
   50    11600    2  164    3  199   11  183   14  185   12  178   15  -1
   51    11959   11   54    8  138   14  181    9  -1
   52    12352   12  187    4  123    1  195    7  104    8  155    1  -1
   53    12746   11  195    7   88   13  141    3  158   11  179   15  156   11  119   15  -1
   54    13083    3  160    3  117   15  133   11  110    1   69    1  172    1  -1
   55    13344   10  155    2  135   15  111    5  153    6   70    6  150    1  123    1  -1
   56    13664   12  184    1  171   11  145   10  164   15   74   13   80    9  184    3   63   10   92    9  -1
   57    14134    6   66   10  106   13   88   15  169    7  189    8  125    1  193   10  -1
   58    14364    1  185    8   66    9  144   10   81   10  152    3  178    3   52   15  122   12  -1
   59    14731   14  176    7  199   15  189    8  118    5  -1
   60    15056   14  163    8   91   10  148    3   89    1  126   12  -1
   61    15431   13  182   15  163    4  186    2  108   11  188   15  170   13  179    1  -1
   62    15652   15  147   11  124    1  147    5  139    1  180    2  144   13   74    3  125    7  151   13  -1
   63    15824    1  100    7  164    6  117    4  106   12  -1
   64    16059    3   93    1  118    4   95    1   51    5   82    5  112   10   55   11  -1
   65    16545    8  185   15  108    8  141    3  162    9   79    5  198    4  -1
   66    16938    6   69   14  113    9   62    3   89    9   99   15  134    5  -1
   67    17057    6   62   13   98    9  196    1  146    3   52   13  180   11  181   12  -1
   68    17211    6   66   13  173   11  123   12  148    2  133    5  153    3   71   12  117   14  114    5  -1
   69    17400    3  150    8   81    6   71   13  125   15   77   11   57    5  -1
   70    17436    1  133    9   59   10  196    3  -1
   71    17793    2  170    2  117    8  153    1  160   15  142   12  179    3  189    6  156   14   52    8  -1
   72    18190    3  171    6   88   15  127    9   73   13  145    9   97    9   90    1   76    1  -1
   73    18532   12  182    5  161    6  160    1   83    3  183    5  -1
   74    18721    8  117    9  153    8  111    6  -1
   75    18794   15  154    3  169    2   96    9   87    9  114   14  161    9  158   12  103   11  -1
   76    18831    5   53   10  111   13   93   10  198    1  127    8  140    7  182   14  161    9   53   15  -1
   77    19203   14  138    1   50   15   85    8  122    6  129    4  -1
   78    19390    1  159   12   91    5  125    8  114   12   86    3  132   13  -1
   79    19629    2  190    6  155    7   75   11   95    9  111   10   67    3  -1
   80    19986   11  112    7  152    8   78    7  -1
   81    20245  137  153  255  149  294  112  241  141  103  125  269   51  267  -1
   82    20330   11  198    9  166   12  166    7  104    4  -1
   83    20601    2  197   14   67    6   75    6   50   11  103    4  151   14  105   13  145    5   60    4  -1
   84    20668    2   63   13   78    1  162   14  198    2  137    7   62   15  139    8  117    6  -1
   85    20764   10  145    8   69    7   96    2  118   10   86   12  134    8   90    9  -1
   86    20999    2   95   15  148    1   85    5  140    4  171   11  120    3  180    3  129    3   98    9  -1
   87    21061    6  160    2  157   14  152    4  -1
   88    21070   13   82   13  148    1   56    6   67    7  146    4  174    5  147    9  119   14   75    6  -1
   89    21374    4  121    5  115    8   75   13  169   14  156    3  -1
   90    21716    4  138    1   50   12   66    2  154    1   75    6  152    6  -1
   91    22135  169  171  210  122  107  120  210  146  233  195  248   87  270  -1
   92    22528    1   84    4  119    6   61    4   57   15   93    4  135    2   64    2  170   14  166    1  -1
   93    22997  137  124  108   61  170  190  130  112  163  -1
   94    23096    2  191   13  139    5  157    4  -1
   95    23293   14  155   14  149   11  196    9  154    5  128   10  152    2  -1
   96    23349    8  163   11  191    9  164    1  145   15  176   12  -1
   97    23634    2   95    4  176   12  164    3  157    5  -1
   98    23956    1  172    2  184   14  172   12  115   11  171   12  139   10  126   15  164   14  192   10  -1
   99    24184  158   75  143  118  211  -1
  100    24439   13  106    1  184    3   51    6  -1
